[Map]
labelColor=0,0,0
LabelStyleCount=0
XMin=616550.6354662898
YMin=5135365.451834348
XMax=651947.9954553965
YMax=5154171.221903626
LayerCount=1
[ShapefileLayer]0  xbm3  5
MinScale=0.0
MaxScale=1.0E20
Valid=1
Visible=1
Name=xbm3
Selectable=1
ScaleSymbols=0
[SimpleRenderer]
[FillSymbol]
FillColor_255=99,184,255
OutlineWidth=0.0
OutlineColor_255=102,255,102
